0,552
0,551
0,550
0,386
0,243
0,549
0,548
0,547
0,546
0,545
0,273
0,270
3,2
3,1
3,3
10,268
10,188
10,8
10,146
10,266
10,68
11,6
11,22
11,26
9,7
9,4
9,1
9,6
9,2
9,3
8,9
8,5
8,8
8,2
8,3
74,4
74,3
74,2
74,1
74,0
73,5
73,4
73,3
73,2
73,1
73,0
70,3
70,2
70,1
70,0
69,6
69,5
69,4
69,3
69,2
69,1
69,0
67,4
67,3
67,2
67,1
67,0
66,4
66,3
66,2
66,1
66,0
62,4
62,3
62,2
62,1
62,0
61,4
61,3
61,2
61,1
61,0
59,5
59,4
59,3
59,2
59,1
59,0
56,5
56,4
56,3
56,1
54,3
54,1
52,3
52,1
45,3
45,1
42,3
42,1
20,3
20,2
20,1
19,3
19,2
19,1
18,3
18,1
14,3
14,1
13,1
12,3
13,3
12,2
12,1
11,28
11,24
11,20
11,18
11,14
11,12
11,10
11,8
11,4
11,3
